{"assembly_type": "extrusion", "file_name": "dms_ws_tet_bars", "write_time": "2019-12-25 21:57:24.521064", "trajectory": [[{"robot_name": "kuka_kr6_r900", "joints_name": ["robot_joint_a1", "robot_joint_a2", "robot_joint_a3", "robot_joint_a4", "robot_joint_a5", "robot_joint_a6"], "traj_type": "MotionTrajectory", "ee_attachments": [{"parent_name": "kuka_kr6_r900", "parent_link_name": "robot_tool0", "grasp_pose": [[0.0, 0.0, 0.0], [0.0, 0.0, 0.0, 1.0]], "child_name": "mit_arch_grasp_end_effector"}], "attachments": [], "tag": "initial2pick", "traj_path": [], "element_id": 0, "planner_parameters": ""}, {"robot_name": "kuka_kr6_r900", "joints_name": ["robot_joint_a1", "robot_joint_a2", "robot_joint_a3", "robot_joint_a4", "robot_joint_a5", "robot_joint_a6"], "traj_type": "PicknPlaceBufferTrajectory", "ee_attachments": [{"parent_name": "kuka_kr6_r900", "parent_link_name": "robot_tool0", "grasp_pose": [[0.0, 0.0, 0.0], [0.0, 0.0, 0.0, 1.0]], "child_name": "mit_arch_grasp_end_effector"}], "attachments": [], "tag": "pick_approach", "traj_path": [[0.581851758288507, -0.1984044788008159, 1.5234906282547394, 0.5959364003038189, 1.7754400766619423, -3.0046352413789887], [0.581851758288507, -0.19000674037655663, 1.5169410133476402, 0.5957219661974658, 1.773910415267824, -3.0056943347391885], [0.581851758288507, -0.18159620187226677, 1.5103011748693038, 0.5955181297278224, 1.7724446282463067, -3.0067084335850076], [0.581851758288507, -0.1731726077063218, 1.5035705653598195, 0.595324714938347, 1.7710429854585652, -3.0076774557561508], [0.581851758288507, -0.16473568106954417, 1.4967486075503884, 0.5951415554804873, 1.7697057624228525, -3.00860130984255], [0.581851758288507, -0.15628512346999202, 1.4898346930894988, 0.5949684947261243, 1.768433241026027, -3.0094798948146453]], "element_id": 0, "element_info": "E#0: #unit_geo: 1, is_grounded: False, layer_id: 0"}, {"robot_name": "kuka_kr6_r900", "joints_name": ["robot_joint_a1", "robot_joint_a2", "robot_joint_a3", "robot_joint_a4", "robot_joint_a5", "robot_joint_a6"], "traj_type": "PicknPlaceBufferTrajectory", "ee_attachments": [{"parent_name": "kuka_kr6_r900", "parent_link_name": "robot_tool0", "grasp_pose": [[0.0, 0.0, 0.0], [0.0, 0.0, 0.0, 1.0]], "child_name": "mit_arch_grasp_end_effector"}], "attachments": [{"parent_name": "kuka_kr6_r900", "parent_link_name": "robot_tool0", "grasp_pose": [[0.0, 0.0, 0.15664157271385193], [0.7071067690849304, -6.475917871036645e-16, -0.7071067690849304, 5.887132563905972e-16]], "child_name": "body3"}], "tag": "pick_retreat", "traj_path": [[0.581851758288507, -0.15628512346999202, 1.4898346930894988, 0.5949684947261243, 1.768433241026027, -3.0094798948146453], [0.581851758288507, -0.16473568106954417, 1.4967486075503884, 0.5951415554804873, 1.7697057624228525, -3.00860130984255], [0.581851758288507, -0.1731726077063218, 1.5035705653598195, 0.595324714938347, 1.7710429854585652, -3.0076774557561508], [0.581851758288507, -0.18159620187226677, 1.5103011748693038, 0.5955181297278224, 1.7724446282463067, -3.0067084335850076], [0.581851758288507, -0.19000674037655663, 1.5169410133476402, 0.5957219661974658, 1.773910415267824, -3.0056943347391885], [0.581851758288507, -0.1984044788008159, 1.5234906282547394, 0.5959364003038189, 1.7754400766619423, -3.0046352413789887]], "element_id": 0, "element_info": "E#0: #unit_geo: 1, is_grounded: False, layer_id: 0"}, {"robot_name": "kuka_kr6_r900", "joints_name": ["robot_joint_a1", "robot_joint_a2", "robot_joint_a3", "robot_joint_a4", "robot_joint_a5", "robot_joint_a6"], "traj_type": "MotionTrajectory", "ee_attachments": [{"parent_name": "kuka_kr6_r900", "parent_link_name": "robot_tool0", "grasp_pose": [[0.0, 0.0, 0.0], [0.0, 0.0, 0.0, 1.0]], "child_name": "mit_arch_grasp_end_effector"}], "attachments": [{"parent_name": "kuka_kr6_r900", "parent_link_name": "robot_tool0", "grasp_pose": [[0.0, 0.0, 0.15664157271385193], [0.7071067690849304, -6.475917871036645e-16, -0.7071067690849304, 5.887132563905972e-16]], "child_name": "body3"}], "tag": "pick2place", "traj_path": [], "element_id": 0, "planner_parameters": ""}, {"robot_name": "kuka_kr6_r900", "joints_name": ["robot_joint_a1", "robot_joint_a2", "robot_joint_a3", "robot_joint_a4", "robot_joint_a5", "robot_joint_a6"], "traj_type": "PicknPlaceBufferTrajectory", "ee_attachments": [{"parent_name": "kuka_kr6_r900", "parent_link_name": "robot_tool0", "grasp_pose": [[0.0, 0.0, 0.0], [0.0, 0.0, 0.0, 1.0]], "child_name": "mit_arch_grasp_end_effector"}], "attachments": [{"parent_name": "kuka_kr6_r900", "parent_link_name": "robot_tool0", "grasp_pose": [[0.0, 0.0, 0.15664157271385193], [0.7071067690849304, -6.475917871036645e-16, -0.7071067690849304, 5.887132563905972e-16]], "child_name": "body3"}], "tag": "place_approach", "traj_path": [[-0.14423134767925383, -0.5637344502685719, 1.6570279545789535, 0.6941037689682261, 0.930228287170414, -2.992470970722143], [-0.13457574019437413, -0.5442896661848864, 1.6110242680451332, 0.6254398596585988, 0.9878156035138663, -2.9361730947696416], [-0.12441009296432348, -0.5230147719805762, 1.564438489847439, 0.5646213422665065, 1.0479879527757674, -2.888280698698614], [-0.11379651898566046, -0.5000601745474897, 1.5173840052407794, 0.5104379415738379, 1.110063953392463, -2.847686564860198], [-0.10279102867536682, -0.4755697831392234, 1.4699690718827596, 0.4618148676130291, 1.1735059782975648, -2.813423676604062], [-0.09144394579773163, -0.44968173572063286, 1.4223005330223242, 0.4178186825873646, 1.2378866852721422, -2.7846750522740042]], "element_id": 0, "element_info": "E#0: #unit_geo: 1, is_grounded: False, layer_id: 0"}, {"robot_name": "kuka_kr6_r900", "joints_name": ["robot_joint_a1", "robot_joint_a2", "robot_joint_a3", "robot_joint_a4", "robot_joint_a5", "robot_joint_a6"], "traj_type": "PicknPlaceBufferTrajectory", "ee_attachments": [{"parent_name": "kuka_kr6_r900", "parent_link_name": "robot_tool0", "grasp_pose": [[0.0, 0.0, 0.0], [0.0, 0.0, 0.0, 1.0]], "child_name": "mit_arch_grasp_end_effector"}], "attachments": [], "tag": "place_retreat", "traj_path": [[-0.09144394579773163, -0.44968173572063286, 1.4223005330223242, 0.4178186825873646, 1.2378866852721422, -2.7846750522740042], [-0.08890106608935788, -0.45774225992290685, 1.432928556104143, 0.4198309836189026, 1.2349598287555705, -2.784398128612772], [-0.08634029312182179, -0.4657758594747681, 1.4434467706333454, 0.421849554827594, 1.2321061817359045, -2.784086746728438], [-0.08376146694086817, -0.4737834881824772, 1.453856653268337, 0.4238741811256364, 1.2293250485109066, -2.7837405987374972], [-0.0811644345623499, -0.4817664700076163, 1.4641604717556849, 0.42590471007652136, 1.2266153495601835, -2.7833595660188983], [-0.07854903440995376, -0.489725752682205, 1.4743595562194776, 0.4279409187118741, 1.223976513507233, -2.7829432825559497]], "element_id": 0, "element_info": "E#0: #unit_geo: 1, is_grounded: False, layer_id: 0"}], [{"robot_name": "kuka_kr6_r900", "joints_name": ["robot_joint_a1", "robot_joint_a2", "robot_joint_a3", "robot_joint_a4", "robot_joint_a5", "robot_joint_a6"], "traj_type": "MotionTrajectory", "ee_attachments": [{"parent_name": "kuka_kr6_r900", "parent_link_name": "robot_tool0", "grasp_pose": [[0.0, 0.0, 0.0], [0.0, 0.0, 0.0, 1.0]], "child_name": "mit_arch_grasp_end_effector"}], "attachments": [], "tag": "place2pick", "traj_path": [], "element_id": 2, "planner_parameters": ""}, {"robot_name": "kuka_kr6_r900", "joints_name": ["robot_joint_a1", "robot_joint_a2", "robot_joint_a3", "robot_joint_a4", "robot_joint_a5", "robot_joint_a6"], "traj_type": "PicknPlaceBufferTrajectory", "ee_attachments": [{"parent_name": "kuka_kr6_r900", "parent_link_name": "robot_tool0", "grasp_pose": [[0.0, 0.0, 0.0], [0.0, 0.0, 0.0, 1.0]], "child_name": "mit_arch_grasp_end_effector"}], "attachments": [], "tag": "pick_approach", "traj_path": [[0.5627425573447509, -0.1844342279878588, 1.4663858029082397, 0.5820042573803066, 1.81411053521891, -2.9843665641507573], [0.5627425573447509, -0.17608996696246026, 1.4597746127722988, 0.581768548677816, 1.812662680247253, -2.9853477926846117], [0.5627425573447509, -0.16772927534923565, 1.4530696686699027, 0.5815448012835267, 1.8112792143416814, -2.9862845877170088], [0.5627425573447509, -0.15935184914527922, 1.4462702902700801, 0.5813328658385717, 1.8099604818844268, -2.987176830014366], [0.5627425573447509, -0.1509573612085009, 1.4393757625393753, 0.5811326031577624, 1.8087068353967368, -2.988024389057498], [0.5627425573447509, -0.14254546063977647, 1.4323853341800612, 0.5809438843959955, 1.8075186363535345, -2.988827122585337]], "element_id": 2, "element_info": "E#2: #unit_geo: 1, is_grounded: False, layer_id: 0"}, {"robot_name": "kuka_kr6_r900", "joints_name": ["robot_joint_a1", "robot_joint_a2", "robot_joint_a3", "robot_joint_a4", "robot_joint_a5", "robot_joint_a6"], "traj_type": "PicknPlaceBufferTrajectory", "ee_attachments": [{"parent_name": "kuka_kr6_r900", "parent_link_name": "robot_tool0", "grasp_pose": [[0.0, 0.0, 0.0], [0.0, 0.0, 0.0, 1.0]], "child_name": "mit_arch_grasp_end_effector"}], "attachments": [{"parent_name": "kuka_kr6_r900", "parent_link_name": "robot_tool0", "grasp_pose": [[0.0, 0.0, 0.17492154240608215], [-0.7071067690849304, 7.006383371562083e-16, 0.7071067690849304, -6.61386036287056e-16]], "child_name": "body5"}], "tag": "pick_retreat", "traj_path": [[0.5627425573447509, -0.14254546063977647, 1.4323853341800612, 0.5809438843959955, 1.8075186363535345, -2.988827122585337], [0.5627425573447509, -0.1509573612085009, 1.4393757625393753, 0.5811326031577624, 1.8087068353967368, -2.988024389057498], [0.5627425573447509, -0.15935184914527922, 1.4462702902700801, 0.5813328658385717, 1.8099604818844268, -2.987176830014366], [0.5627425573447509, -0.16772927534923565, 1.4530696686699027, 0.5815448012835267, 1.8112792143416814, -2.9862845877170088], [0.5627425573447509, -0.17608996696246026, 1.4597746127722988, 0.581768548677816, 1.812662680247253, -2.9853477926846117], [0.5627425573447509, -0.1844342279878588, 1.4663858029082397, 0.5820042573803066, 1.81411053521891, -2.9843665641507573]], "element_id": 2, "element_info": "E#2: #unit_geo: 1, is_grounded: False, layer_id: 0"}, {"robot_name": "kuka_kr6_r900", "joints_name": ["robot_joint_a1", "robot_joint_a2", "robot_joint_a3", "robot_joint_a4", "robot_joint_a5", "robot_joint_a6"], "traj_type": "MotionTrajectory", "ee_attachments": [{"parent_name": "kuka_kr6_r900", "parent_link_name": "robot_tool0", "grasp_pose": [[0.0, 0.0, 0.0], [0.0, 0.0, 0.0, 1.0]], "child_name": "mit_arch_grasp_end_effector"}], "attachments": [{"parent_name": "kuka_kr6_r900", "parent_link_name": "robot_tool0", "grasp_pose": [[0.0, 0.0, 0.17492154240608215], [-0.7071067690849304, 7.006383371562083e-16, 0.7071067690849304, -6.61386036287056e-16]], "child_name": "body5"}], "tag": "pick2place", "traj_path": [], "element_id": 2, "planner_parameters": ""}, {"robot_name": "kuka_kr6_r900", "joints_name": ["robot_joint_a1", "robot_joint_a2", "robot_joint_a3", "robot_joint_a4", "robot_joint_a5", "robot_joint_a6"], "traj_type": "PicknPlaceBufferTrajectory", "ee_attachments": [{"parent_name": "kuka_kr6_r900", "parent_link_name": "robot_tool0", "grasp_pose": [[0.0, 0.0, 0.0], [0.0, 0.0, 0.0, 1.0]], "child_name": "mit_arch_grasp_end_effector"}], "attachments": [{"parent_name": "kuka_kr6_r900", "parent_link_name": "robot_tool0", "grasp_pose": [[0.0, 0.0, 0.17492154240608215], [-0.7071067690849304, 7.006383371562083e-16, 0.7071067690849304, -6.61386036287056e-16]], "child_name": "body5"}], "tag": "place_approach", "traj_path": [[0.25719238327370686, -0.38006606546113786, 1.3880316423215486, -0.8314709864718037, 1.340225385732642, -2.234261450770726], [0.2578282762012254, -0.4150035095487894, 1.4447321350096978, -0.8555463565448648, 1.2653408914715616, -2.216633055267662], [0.2572553268665043, -0.4486857888722504, 1.5001790654975333, -0.8836864902094858, 1.190788030978633, -2.196635069095765], [0.2553999425144875, -0.48102868461860604, 1.5543492474429526, -0.9164810234734767, 1.1166759265457233, -2.173665285189613], [0.2521841229300139, -0.511934248414839, 1.6072015661402943, -0.9546884501736682, 1.04316313830748, -2.1469776929986626], [0.2475257153549344, -0.5412919784624997, 1.6586775033751733, -0.9992813328708275, 0.970474583148722, -2.115635165451719]], "element_id": 2, "element_info": "E#2: #unit_geo: 1, is_grounded: False, layer_id: 0"}, {"robot_name": "kuka_kr6_r900", "joints_name": ["robot_joint_a1", "robot_joint_a2", "robot_joint_a3", "robot_joint_a4", "robot_joint_a5", "robot_joint_a6"], "traj_type": "PicknPlaceBufferTrajectory", "ee_attachments": [{"parent_name": "kuka_kr6_r900", "parent_link_name": "robot_tool0", "grasp_pose": [[0.0, 0.0, 0.0], [0.0, 0.0, 0.0, 1.0]], "child_name": "mit_arch_grasp_end_effector"}], "attachments": [], "tag": "place_retreat", "traj_path": [[0.2475257153549344, -0.5412919784624997, 1.6586775033751733, -0.9992813328708275, 0.970474583148722, -2.115635165451719], [0.24890699495356028, -0.5456497353334937, 1.6709656451143684, -1.002849934565151, 0.9667021957362335, -2.1071391434268474], [0.25030556263563675, -0.5499483037887543, 1.6831728695748736, -1.0064326915274786, 0.9629644263325982, -2.09862865027962], [0.25172179937804406, -0.5541882784658991, 1.6953012771369147, -1.0100297902587783, 0.9592603956071322, -2.090102331984295], [0.2531559994677153, -0.5583700464685863, 1.7073522100577536, -1.0136411793755125, 0.9555894907484848, -2.0815594126882924], [0.2546085261991067, -0.5624941255798723, 1.7193276489868365, -1.0172670777833277, 0.9519508564080797, -2.0729985601513823]], "element_id": 2, "element_info": "E#2: #unit_geo: 1, is_grounded: False, layer_id: 0"}], [{"robot_name": "kuka_kr6_r900", "joints_name": ["robot_joint_a1", "robot_joint_a2", "robot_joint_a3", "robot_joint_a4", "robot_joint_a5", "robot_joint_a6"], "traj_type": "MotionTrajectory", "ee_attachments": [{"parent_name": "kuka_kr6_r900", "parent_link_name": "robot_tool0", "grasp_pose": [[0.0, 0.0, 0.0], [0.0, 0.0, 0.0, 1.0]], "child_name": "mit_arch_grasp_end_effector"}], "attachments": [], "tag": "place2pick", "traj_path": [], "element_id": 3, "planner_parameters": ""}, {"robot_name": "kuka_kr6_r900", "joints_name": ["robot_joint_a1", "robot_joint_a2", "robot_joint_a3", "robot_joint_a4", "robot_joint_a5", "robot_joint_a6"], "traj_type": "PicknPlaceBufferTrajectory", "ee_attachments": [{"parent_name": "kuka_kr6_r900", "parent_link_name": "robot_tool0", "grasp_pose": [[0.0, 0.0, 0.0], [0.0, 0.0, 0.0, 1.0]], "child_name": "mit_arch_grasp_end_effector"}], "attachments": [], "tag": "pick_approach", "traj_path": [[0.581851758288507, -0.1984044788008159, 1.5234906282547394, 0.5959364003038188, 1.7754400766619423, -3.0046352413789887], [0.581851758288507, -0.19000674037655663, 1.5169410133476402, 0.5957219661974656, 1.7739104152678242, -3.0056943347391885], [0.581851758288507, -0.18159620187226677, 1.5103011748693038, 0.5955181297278221, 1.7724446282463067, -3.0067084335850076], [0.581851758288507, -0.1731726077063218, 1.5035705653598195, 0.5953247149383469, 1.7710429854585652, -3.0076774557561508], [0.581851758288507, -0.16473568106954417, 1.4967486075503884, 0.5951415554804872, 1.7697057624228525, -3.0086013098425504], [0.581851758288507, -0.15628512346999202, 1.4898346930894988, 0.5949684947261241, 1.768433241026027, -3.0094798948146453]], "element_id": 3, "element_info": "E#3: #unit_geo: 1, is_grounded: False, layer_id: 0"}, {"robot_name": "kuka_kr6_r900", "joints_name": ["robot_joint_a1", "robot_joint_a2", "robot_joint_a3", "robot_joint_a4", "robot_joint_a5", "robot_joint_a6"], "traj_type": "PicknPlaceBufferTrajectory", "ee_attachments": [{"parent_name": "kuka_kr6_r900", "parent_link_name": "robot_tool0", "grasp_pose": [[0.0, 0.0, 0.0], [0.0, 0.0, 0.0, 1.0]], "child_name": "mit_arch_grasp_end_effector"}], "attachments": [{"parent_name": "kuka_kr6_r900", "parent_link_name": "robot_tool0", "grasp_pose": [[0.0, 0.0, 0.15037506818771362], [-0.7071067690849304, 6.510242293037349e-16, 0.7071067690849304, -6.117719284345826e-16]], "child_name": "body7"}], "tag": "pick_retreat", "traj_path": [[0.581851758288507, -0.15628512346999202, 1.4898346930894988, 0.5949684947261241, 1.768433241026027, -3.0094798948146453], [0.581851758288507, -0.16473568106954417, 1.4967486075503884, 0.5951415554804872, 1.7697057624228525, -3.0086013098425504], [0.581851758288507, -0.1731726077063218, 1.5035705653598195, 0.5953247149383469, 1.7710429854585652, -3.0076774557561508], [0.581851758288507, -0.18159620187226677, 1.5103011748693038, 0.5955181297278221, 1.7724446282463067, -3.0067084335850076], [0.581851758288507, -0.19000674037655663, 1.5169410133476402, 0.5957219661974656, 1.7739104152678242, -3.0056943347391885], [0.581851758288507, -0.1984044788008159, 1.5234906282547394, 0.5959364003038188, 1.7754400766619423, -3.0046352413789887]], "element_id": 3, "element_info": "E#3: #unit_geo: 1, is_grounded: False, layer_id: 0"}, {"robot_name": "kuka_kr6_r900", "joints_name": ["robot_joint_a1", "robot_joint_a2", "robot_joint_a3", "robot_joint_a4", "robot_joint_a5", "robot_joint_a6"], "traj_type": "MotionTrajectory", "ee_attachments": [{"parent_name": "kuka_kr6_r900", "parent_link_name": "robot_tool0", "grasp_pose": [[0.0, 0.0, 0.0], [0.0, 0.0, 0.0, 1.0]], "child_name": "mit_arch_grasp_end_effector"}], "attachments": [{"parent_name": "kuka_kr6_r900", "parent_link_name": "robot_tool0", "grasp_pose": [[0.0, 0.0, 0.15037506818771362], [-0.7071067690849304, 6.510242293037349e-16, 0.7071067690849304, -6.117719284345826e-16]], "child_name": "body7"}], "tag": "pick2place", "traj_path": [], "element_id": 3, "planner_parameters": ""}, {"robot_name": "kuka_kr6_r900", "joints_name": ["robot_joint_a1", "robot_joint_a2", "robot_joint_a3", "robot_joint_a4", "robot_joint_a5", "robot_joint_a6"], "traj_type": "PicknPlaceBufferTrajectory", "ee_attachments": [{"parent_name": "kuka_kr6_r900", "parent_link_name": "robot_tool0", "grasp_pose": [[0.0, 0.0, 0.0], [0.0, 0.0, 0.0, 1.0]], "child_name": "mit_arch_grasp_end_effector"}], "attachments": [{"parent_name": "kuka_kr6_r900", "parent_link_name": "robot_tool0", "grasp_pose": [[0.0, 0.0, 0.15037506818771362], [-0.7071067690849304, 6.510242293037349e-16, 0.7071067690849304, -6.117719284345826e-16]], "child_name": "body7"}], "tag": "place_approach", "traj_path": [[-0.030060554217623547, -0.6016380301151827, 2.0453258797377893, -0.5291516575049631, -0.7317316907268301, -1.6572078264200412], [-0.03707666154615108, -0.6013398231711546, 2.0401867431239546, -0.5399859562801796, -0.7261965860600185, -1.6521554074298792], [-0.04403265592899608, -0.6010041343703598, 2.0349686462121004, -0.5509070311809299, -0.7206757168742249, -1.646933810355669], [-0.050928748102998966, -0.600630511591624, 2.0296718722073797, -0.561918415903611, -0.7151714983437123, -1.6415400588870863], [-0.05776499319235384, -0.6002187102767977, 2.024297060693749, -0.5730225593123217, -0.7096859522609203, -1.635972675348994], [-0.0645415429181444, -0.5997683025942928, 2.018844400774592, -0.5842225483210366, -0.7042217628700241, -1.6302288233157942]], "element_id": 3, "element_info": "E#3: #unit_geo: 1, is_grounded: False, layer_id: 0"}, {"robot_name": "kuka_kr6_r900", "joints_name": ["robot_joint_a1", "robot_joint_a2", "robot_joint_a3", "robot_joint_a4", "robot_joint_a5", "robot_joint_a6"], "traj_type": "PicknPlaceBufferTrajectory", "ee_attachments": [{"parent_name": "kuka_kr6_r900", "parent_link_name": "robot_tool0", "grasp_pose": [[0.0, 0.0, 0.0], [0.0, 0.0, 0.0, 1.0]], "child_name": "mit_arch_grasp_end_effector"}], "attachments": [], "tag": "place_retreat", "traj_path": [[-0.0645415429181444, -0.5997683025942928, 2.018844400774592, -0.5842225483210366, -0.7042217628700241, -1.6302288233157942], [-0.058032650093659655, -0.5998464825082737, 2.024463156292933, -0.5732852753565796, -0.7083316795688369, -1.6361443163700393], [-0.051463628508254367, -0.5998829322543338, 2.030007313475808, -0.562420000358447, -0.7124700018503687, -1.641900365098345], [-0.04483422171058926, -0.5998781353971139, 2.0354769249807756, -0.5516253585610915, -0.7166349585515885, -1.647497713286698], [-0.03814418751079529, -0.5998323600508262, 2.0408713676982355, -0.5409002198271295, -0.7208243860654339, -1.6529367961942938], [-0.031393299983625056, -0.5997461131213089, 2.0461906744123883, -0.5302431580686999, -0.7250364730126247, -1.6582184468986143]], "element_id": 3, "element_info": "E#3: #unit_geo: 1, is_grounded: False, layer_id: 0"}, {"robot_name": "kuka_kr6_r900", "joints_name": ["robot_joint_a1", "robot_joint_a2", "robot_joint_a3", "robot_joint_a4", "robot_joint_a5", "robot_joint_a6"], "traj_type": "MotionTrajectory", "ee_attachments": [{"parent_name": "kuka_kr6_r900", "parent_link_name": "robot_tool0", "grasp_pose": [[0.0, 0.0, 0.0], [0.0, 0.0, 0.0, 1.0]], "child_name": "mit_arch_grasp_end_effector"}], "attachments": [], "tag": "return2idle", "traj_path": [], "element_id": 3, "planner_parameters": ""}]]}